VariantType         TRUTH.FP            TRUTH.FN            TRUTH.TP            QUERY.TP            METRIC.Precision    METRIC.Recall       METRIC.F1_Score     
Overall             584                 1215                81444               81883               0.992918            0.985301            0.989095            
SNP                 66                  78                  71581               71644               0.99908             0.998912            0.998996            
INDEL               518                 1137                9863                10239               0.951845            0.896636            0.923416            
INS                 195                 547                 4720                4917                0.961854            0.896146            0.927838            
DEL                 323                 590                 5143                5322                0.942781            0.897087            0.919367            


0.992918 0.985301 0.989095 0.99908 0.998912 0.998996 0.951845 0.896636 0.923416 0.961854 0.896146 0.927838 0.942781 0.897087 0.919367
584 1215 81444 66 78 71581 518 1137 9863 4917 4720 4720 323 590 5143
