VariantType         TRUTH.FP            TRUTH.FN            TRUTH.TP            QUERY.TP            METRIC.Precision    METRIC.Recall       METRIC.F1_Score     
Overall             593                 1136                79658               80068               0.992648            0.98594             0.989283            
SNP                 79                  81                  70085               70113               0.998875            0.998846            0.99886             
INDEL               514                 1055                9573                9955                0.950903            0.900734            0.925139            
INS                 198                 503                 4628                4809                0.960455            0.901968            0.930294            
DEL                 316                 552                 4945                5146                0.942146            0.899582            0.920372            


0.992648 0.98594 0.989283 0.998875 0.998846 0.99886 0.950903 0.900734 0.925139 0.960455 0.901968 0.930294 0.942146 0.899582 0.920372
593 1136 79658 79 81 70085 514 1055 9573 4809 4628 4628 316 552 4945
