VariantType         TRUTH.FP            TRUTH.FN            TRUTH.TP            QUERY.TP            METRIC.Precision    METRIC.Recall       METRIC.F1_Score     
Overall             626                 1243                81346               81734               0.992399            0.98495             0.98866             
SNP                 85                  89                  71244               71287               0.998809            0.998752            0.998781            
INDEL               541                 1154                10102               10447               0.950764            0.897477            0.923353            
INS                 220                 568                 4846                5021                0.958023            0.895087            0.925486            
DEL                 321                 586                 5256                5426                0.944145            0.899692            0.921382            


0.992399 0.98495 0.98866 0.998809 0.998752 0.998781 0.950764 0.897477 0.923353 0.958023 0.895087 0.925486 0.944145 0.899692 0.921382
626 1243 81346 85 89 71244 541 1154 10102 5021 4846 4846 321 586 5256
