VariantType         TRUTH.FP            TRUTH.FN            TRUTH.TP            QUERY.TP            METRIC.Precision    METRIC.Recall       METRIC.F1_Score     
Overall             615                 989                 81670               82126               0.992567            0.988035            0.990296            
SNP                 67                  63                  71596               71656               0.999066            0.999121            0.999093            
INDEL               548                 926                 10074               10470               0.950263            0.915818            0.932723            
INS                 203                 466                 4801                5013                0.961081            0.911525            0.935647            
DEL                 345                 460                 5273                5457                0.940538            0.919763            0.930034            


0.992567 0.988035 0.990296 0.999066 0.999121 0.999093 0.950263 0.915818 0.932723 0.961081 0.911525 0.935647 0.940538 0.919763 0.930034
615 989 81670 67 63 71596 548 926 10074 5013 4801 4801 345 460 5273
