VariantType         TRUTH.FP            TRUTH.FN            TRUTH.TP            QUERY.TP            METRIC.Precision    METRIC.Recall       METRIC.F1_Score     
Overall             663                 905                 79889               80301               0.991811            0.988799            0.990303            
SNP                 110                 66                  70100               70125               0.998434            0.999059            0.998747            
INDEL               553                 839                 9789                10176               0.948457            0.921058            0.934557            
INS                 199                 410                 4721                4906                0.961019            0.920094            0.940111            
DEL                 354                 429                 5068                5270                0.937055            0.921957            0.929445            


0.991811 0.988799 0.990303 0.998434 0.999059 0.998747 0.948457 0.921058 0.934557 0.961019 0.920094 0.940111 0.937055 0.921957 0.929445
663 905 79889 110 66 70100 553 839 9789 4906 4721 4721 354 429 5068
