VariantType         TRUTH.FP            TRUTH.FN            TRUTH.TP            QUERY.TP            METRIC.Precision    METRIC.Recall       METRIC.F1_Score     
Overall             668                 1080                81509               81892               0.991909            0.986923            0.98941             
SNP                 74                  76                  71257               71305               0.998963            0.998935            0.998949            
INDEL               594                 1004                10252               10587               0.946874            0.910803            0.928488            
INS                 228                 508                 4906                5074                0.956997            0.906169            0.93089             
DEL                 366                 496                 5346                5513                0.937745            0.915098            0.926283            


0.991909 0.986923 0.98941 0.998963 0.998935 0.998949 0.946874 0.910803 0.928488 0.956997 0.906169 0.93089 0.937745 0.915098 0.926283
668 1080 81509 74 76 71257 594 1004 10252 5074 4906 4906 366 496 5346
