VariantType         TRUTH.FP            TRUTH.FN            TRUTH.TP            QUERY.TP            METRIC.Precision    METRIC.Recall       METRIC.F1_Score     
Overall             657                 1027                81632               82090               0.99206             0.987575            0.989813            
SNP                 80                  72                  71587               71648               0.998885            0.998995            0.99894             
INDEL               577                 955                 10045               10442               0.947636            0.913182            0.93009             
INS                 214                 473                 4794                5001                0.958965            0.910196            0.933944            
DEL                 363                 482                 5251                5441                0.937457            0.915925            0.926566            


0.99206 0.987575 0.989813 0.998885 0.998995 0.99894 0.947636 0.913182 0.93009 0.958965 0.910196 0.933944 0.937457 0.915925 0.926566
657 1027 81632 80 72 71587 577 955 10045 5001 4794 4794 363 482 5251
