VariantType         TRUTH.FP            TRUTH.FN            TRUTH.TP            QUERY.TP            METRIC.Precision    METRIC.Recall       METRIC.F1_Score     
Overall             665                 953                 79841               80250               0.991781            0.988205            0.98999             
SNP                 102                 96                  70070               70102               0.998547            0.998632            0.998589            
INDEL               563                 857                 9771                10148               0.947437            0.919364            0.933189            
INS                 217                 422                 4709                4890                0.957509            0.917755            0.937211            
DEL                 346                 435                 5062                5258                0.938258            0.920866            0.929481            


0.991781 0.988205 0.98999 0.998547 0.998632 0.998589 0.947437 0.919364 0.933189 0.957509 0.917755 0.937211 0.938258 0.920866 0.929481
665 953 79841 102 96 70070 563 857 9771 4890 4709 4709 346 435 5062
