VariantType         TRUTH.FP            TRUTH.FN            TRUTH.TP            QUERY.TP            METRIC.Precision    METRIC.Recall       METRIC.F1_Score     
Overall             712                 1135                81454               81824               0.991373            0.986257            0.988809            
SNP                 101                 91                  71242               71288               0.998585            0.998724            0.998655            
INDEL               611                 1044                10212               10536               0.945187            0.907249            0.92583             
INS                 234                 520                 4894                5056                0.955766            0.903953            0.929137            
DEL                 377                 524                 5318                5480                0.935633            0.910305            0.922795            


0.991373 0.986257 0.988809 0.998585 0.998724 0.998655 0.945187 0.907249 0.92583 0.955766 0.903953 0.929137 0.935633 0.910305 0.922795
712 1135 81454 101 91 71242 611 1044 10212 5056 4894 4894 377 524 5318
