VariantType         TRUTH.FP            TRUTH.FN            TRUTH.TP            QUERY.TP            METRIC.Precision    METRIC.Recall       METRIC.F1_Score     
Overall             798                 1260                81399               81822               0.990341            0.984757            0.987541            
SNP                 140                 147                 71512               71570               0.998048            0.997949            0.997998            
INDEL               658                 1113                9887                10252               0.939688            0.898818            0.918799            
INS                 260                 539                 4728                4918                0.949788            0.897665            0.922991            
DEL                 398                 574                 5159                5334                0.930565            0.899878            0.914964            


0.990341 0.984757 0.987541 0.998048 0.997949 0.997998 0.939688 0.898818 0.918799 0.949788 0.897665 0.922991 0.930565 0.899878 0.914964
798 1260 81399 140 147 71512 658 1113 9887 4918 4728 4728 398 574 5159
