VariantType         TRUTH.FP            TRUTH.FN            TRUTH.TP            QUERY.TP            METRIC.Precision    METRIC.Recall       METRIC.F1_Score     
Overall             882                 1415                81174               81518               0.989296            0.982867            0.986071            
SNP                 141                 162                 71171               71217               0.998024            0.997729            0.997876            
INDEL               741                 1253                10003               10301               0.932893            0.888682            0.910251            
INS                 316                 617                 4797                4941                0.93989             0.886036            0.912169            
DEL                 425                 636                 5206                5360                0.926534            0.891133            0.908489            


0.989296 0.982867 0.986071 0.998024 0.997729 0.997876 0.932893 0.888682 0.910251 0.93989 0.886036 0.912169 0.926534 0.891133 0.908489
882 1415 81174 141 162 71171 741 1253 10003 4941 4797 4797 425 636 5206
