VariantType         TRUTH.FP            TRUTH.FN            TRUTH.TP            QUERY.TP            METRIC.Precision    METRIC.Recall       METRIC.F1_Score     
Overall             813                 1245                79549               79935               0.989932            0.98459             0.987254            
SNP                 185                 216                 69950               69981               0.997363            0.996922            0.997142            
INDEL               628                 1029                9599                9954                0.940654            0.90318             0.921536            
INS                 253                 494                 4637                4806                0.94999             0.903722            0.926279            
DEL                 375                 535                 4962                5148                0.932102            0.902674            0.917152            


0.989932 0.98459 0.987254 0.997363 0.996922 0.997142 0.940654 0.90318 0.921536 0.94999 0.903722 0.926279 0.932102 0.902674 0.917152
813 1245 79549 185 216 69950 628 1029 9599 4806 4637 4637 375 535 4962
