VariantType         TRUTH.FP            TRUTH.FN            TRUTH.TP            QUERY.TP            METRIC.Precision    METRIC.Recall       METRIC.F1_Score     
Overall             627                 994                 79800               80204               0.992243            0.987697            0.989965            
SNP                 79                  74                  70092               70120               0.998875            0.998945            0.99891             
INDEL               548                 920                 9708                10084               0.948457            0.913436            0.930617            
INS                 203                 455                 4676                4858                0.959889            0.911323            0.934976            
DEL                 345                 465                 5032                5226                0.938072            0.915408            0.926602            


0.992243 0.987697 0.989965 0.998875 0.998945 0.99891 0.948457 0.913436 0.930617 0.959889 0.911323 0.934976 0.938072 0.915408 0.926602
627 994 79800 79 74 70092 548 920 9708 4858 4676 4676 345 465 5032
