VariantType         TRUTH.FP            TRUTH.FN            TRUTH.TP            QUERY.TP            METRIC.Precision    METRIC.Recall       METRIC.F1_Score     
Overall             605                 1106                81553               81997               0.992676            0.98662             0.989638            
SNP                 64                  88                  71571               71635               0.999107            0.998772            0.99894             
INDEL               541                 1018                9982                10362               0.950381            0.907455            0.928422            
INS                 203                 507                 4760                4962                0.960697            0.90374             0.931349            
DEL                 338                 511                 5222                5400                0.941094            0.910867            0.925734            


0.992676 0.98662 0.989638 0.999107 0.998772 0.99894 0.950381 0.907455 0.928422 0.960697 0.90374 0.931349 0.941094 0.910867 0.925734
605 1106 81553 64 88 71571 541 1018 9982 4962 4760 4760 338 511 5222
