VariantType         TRUTH.FP            TRUTH.FN            TRUTH.TP            QUERY.TP            METRIC.Precision    METRIC.Recall       METRIC.F1_Score     
Overall             644                 1147                81442               81828               0.992191            0.986112            0.989142            
SNP                 72                  81                  71252               71296               0.998991            0.998864            0.998928            
INDEL               572                 1066                10190               10532               0.948487            0.905295            0.926388            
INS                 213                 541                 4873                5047                0.959506            0.900074            0.92884             
DEL                 359                 525                 5317                5485                0.938569            0.910134            0.924133            


0.992191 0.986112 0.989142 0.998991 0.998864 0.998928 0.948487 0.905295 0.926388 0.959506 0.900074 0.92884 0.938569 0.910134 0.924133
644 1147 81442 72 81 71252 572 1066 10190 5047 4873 4873 359 525 5317
