VariantType         TRUTH.FP            TRUTH.FN            TRUTH.TP            QUERY.TP            METRIC.Precision    METRIC.Recall       METRIC.F1_Score     
Overall             1559                5160                77499               77708               0.980332            0.937575            0.958477            
SNP                 644                 1718                69941               69964               0.990879            0.976025            0.983396            
INDEL               915                 3442                7558                7744                0.89433             0.687091            0.777131            
INS                 374                 1727                3540                3627                0.906523            0.672109            0.771912            
DEL                 541                 1715                4018                4117                0.883856            0.700855            0.781789            


0.980332 0.937575 0.958477 0.990879 0.976025 0.983396 0.89433 0.687091 0.777131 0.906523 0.672109 0.771912 0.883856 0.700855 0.781789
1559 5160 77499 644 1718 69941 915 3442 7558 3627 3540 3540 541 1715 4018
