VariantType         TRUTH.FP            TRUTH.FN            TRUTH.TP            QUERY.TP            METRIC.Precision    METRIC.Recall       METRIC.F1_Score     
Overall             1747                5683                75111               75297               0.977325            0.929661            0.952897            
SNP                 790                 2207                67959               67974               0.988511            0.968546            0.978427            
INDEL               957                 3476                7152                7323                0.88442             0.672939            0.764321            
INS                 455                 1710                3421                3500                0.884956            0.666732            0.760499            
DEL                 502                 1766                3731                3823                0.883931            0.678734            0.76786             


0.977325 0.929661 0.952897 0.988511 0.968546 0.978427 0.88442 0.672939 0.764321 0.884956 0.666732 0.760499 0.883931 0.678734 0.76786
1747 5683 75111 790 2207 67959 957 3476 7152 3500 3421 3421 502 1766 3731
