VariantType         TRUTH.FP            TRUTH.FN            TRUTH.TP            QUERY.TP            METRIC.Precision    METRIC.Recall       METRIC.F1_Score     
Overall             1687                6183                76406               76553               0.978438            0.925135            0.95104             
SNP                 673                 2068                69265               69288               0.99038             0.971009            0.980599            
INDEL               1014                4115                7141                7265                0.877521            0.634417            0.736425            
INS                 464                 2098                3316                3376                0.879167            0.612486            0.721988            
DEL                 550                 2017                3825                3889                0.876098            0.654742            0.749416            


0.978438 0.925135 0.95104 0.99038 0.971009 0.980599 0.877521 0.634417 0.736425 0.879167 0.612486 0.721988 0.876098 0.654742 0.749416
1687 6183 76406 673 2068 69265 1014 4115 7141 3376 3316 3316 550 2017 3825
