VariantType         TRUTH.FP            TRUTH.FN            TRUTH.TP            QUERY.TP            METRIC.Precision    METRIC.Recall       METRIC.F1_Score     
Overall             1630                3958                78701               78996               0.979783            0.952117            0.965752            
SNP                 590                 1821                69838               69878               0.991627            0.974588            0.983034            
INDEL               1040                2137                8863                9118                0.897618            0.805727            0.849194            
INS                 374                 1064                4203                4332                0.920527            0.797987            0.854888            
DEL                 666                 1073                4660                4786                0.877843            0.812838            0.844091            


0.979783 0.952117 0.965752 0.991627 0.974588 0.983034 0.897618 0.805727 0.849194 0.920527 0.797987 0.854888 0.877843 0.812838 0.844091
1630 3958 78701 590 1821 69838 1040 2137 8863 4332 4203 4203 666 1073 4660
