VariantType         TRUTH.FP            TRUTH.FN            TRUTH.TP            QUERY.TP            METRIC.Precision    METRIC.Recall       METRIC.F1_Score     
Overall             1549                4430                76364               76635               0.980188            0.945169            0.96236             
SNP                 749                 2299                67867               67901               0.98909             0.967235            0.97804             
INDEL               800                 2131                8497                8734                0.91609             0.799492            0.853829            
INS                 331                 996                 4135                4245                0.927666            0.805886            0.862498            
DEL                 469                 1135                4362                4489                0.905405            0.793524            0.845781            


0.980188 0.945169 0.96236 0.98909 0.967235 0.97804 0.91609 0.799492 0.853829 0.927666 0.805886 0.862498 0.905405 0.793524 0.845781
1549 4430 76364 749 2299 67867 800 2131 8497 4245 4135 4135 469 1135 4362
