VariantType         TRUTH.FP            TRUTH.FN            TRUTH.TP            QUERY.TP            METRIC.Precision    METRIC.Recall       METRIC.F1_Score     
Overall             1918                4356                78233               78450               0.976135            0.947257            0.961479            
SNP                 862                 1905                69428               69464               0.987743            0.973294            0.980465            
INDEL               1056                2451                8805                8986                0.894842            0.782249            0.834766            
INS                 428                 1178                4236                4323                0.909914            0.782416            0.841362            
DEL                 628                 1273                4569                4663                0.881308            0.782095            0.828743            


0.976135 0.947257 0.961479 0.987743 0.973294 0.980465 0.894842 0.782249 0.834766 0.909914 0.782416 0.841362 0.881308 0.782095 0.828743
1918 4356 78233 862 1905 69428 1056 2451 8805 4323 4236 4236 628 1273 4569
