VariantType         TRUTH.FP            TRUTH.FN            TRUTH.TP            QUERY.TP            METRIC.Precision    METRIC.Recall       METRIC.F1_Score     
Overall             1170                2563                80096               80399               0.985656            0.968993            0.977254            
SNP                 238                 303                 71356               71378               0.996677            0.995772            0.996224            
INDEL               932                 2260                8740                9021                0.90636             0.794545            0.846777            
INS                 393                 1173                4094                4232                0.915027            0.777293            0.840555            
DEL                 539                 1087                4646                4789                0.898836            0.810396            0.852328            


0.985656 0.968993 0.977254 0.996677 0.995772 0.996224 0.90636 0.794545 0.846777 0.915027 0.777293 0.840555 0.898836 0.810396 0.852328
1170 2563 80096 238 303 71356 932 2260 8740 4232 4094 4094 539 1087 4646
