VariantType         TRUTH.FP            TRUTH.FN            TRUTH.TP            QUERY.TP            METRIC.Precision    METRIC.Recall       METRIC.F1_Score     
Overall             1271                2751                78043               78330               0.984033            0.96595             0.974908            
SNP                 410                 485                 69681               69700               0.994152            0.993088            0.99362             
INDEL               861                 2266                8362                8630                0.909282            0.78679             0.843613            
INS                 418                 1153                3978                4100                0.907481            0.775287            0.836192            
DEL                 443                 1113                4384                4530                0.910919            0.797526            0.850459            


0.984033 0.96595 0.974908 0.994152 0.993088 0.99362 0.909282 0.78679 0.843613 0.907481 0.775287 0.836192 0.910919 0.797526 0.850459
1271 2751 78043 410 485 69681 861 2266 8362 4100 3978 3978 443 1113 4384
