VariantType         TRUTH.FP            TRUTH.FN            TRUTH.TP            QUERY.TP            METRIC.Precision    METRIC.Recall       METRIC.F1_Score     
Overall             1133                3011                79578               79804               0.986001            0.963542            0.974643            
SNP                 200                 319                 71014               71041               0.997193            0.995528            0.99636             
INDEL               933                 2692                8564                8763                0.903775            0.760839            0.82617             
INS                 434                 1402                4012                4108                0.904447            0.741042            0.814631            
DEL                 499                 1290                4552                4655                0.903182            0.779185            0.836614            


0.986001 0.963542 0.974643 0.997193 0.995528 0.99636 0.903775 0.760839 0.82617 0.904447 0.741042 0.814631 0.903182 0.779185 0.836614
1133 3011 79578 200 319 71014 933 2692 8564 4108 4012 4012 499 1290 4552
